Precision: 0.9904081541002095
Loss: 0.1023324579000473
Accuracy: 0.9707000255584717
