Precision: 0.8918678669623848
Loss: 0.41386762261390686
Accuracy: 0.8655999898910522
